101,Prince,01/11/2025,4,0,400,1,2,3
102,Sam,15/11/2025,1,1,100,1,4,3
103,Rohit,12/11/2025,4,2,300,5,6,7
104,Aditi,18/11/2025,3,1,200,2,8,9
105,Vikram,20/11/2025,2,0,50,7,3,10
106,Tina,22/11/2025,2,1,150,4,1,19
107,Aryan,25/11/2025,1,1,100,6,17,2
108,Nisha,27/11/2025,2,2,200,5,16,14
109,Ravi,28/11/2025,0,0,0,2,1,3
110,Sneha,29/11/2025,0,0,0,10,14,19
111,Karan,30/11/2025,0,0,0,5,6,8
112,Meera,01/12/2025,0,0,0,2,16,9
113,Dev,02/12/2025,0,0,0,1,10,3
101,Prince,01/11/2025,5,5,5,1,2,3
102,Sam,15/11/2025,1,1,100,1,4,3
103,Rohit,12/11/2025,4,2,300,5,6,7
104,Aditi,18/11/2025,3,1,200,2,8,9
105,Vikram,20/11/2025,2,0,50,7,3,10
106,Tina,22/11/2025,2,1,150,4,1,19
107,Aryan,25/11/2025,1,1,100,6,17,2
108,Nisha,27/11/2025,2,2,200,5,16,14
109,Ravi,28/11/2025,0,0,0,2,1,3
110,Sneha,29/11/2025,0,0,0,10,14,19
111,Karan,30/11/2025,0,0,0,5,6,8
112,Meera,01/12/2025,0,0,0,2,16,9
113,Dev,02/12/2025,0,0,0,1,10,3
114,disha,26/12/2004,0,0,0,1,4,18
115,shravan,11/08/2006,0,0,0,15,16,17
116,parth,12/12/2004,0,0,0,1,2,3
117,parth,10/00/0000,0,0,0,0,0,0
